5 0.02 90
133
153
133
157
195
197
150
185
195
145
122
153
148
180
158
163
147
142
167
143
165
147
137
163
182
150
163
163
147
152
133
177
137
155
140
130
132
138
117
138
157
137
135
115
130
153
152
135
135
163
140
128
122
132
123
110
110
123
125
135
127
118
82
123
103
123
127
152
120
138
140
167
127
112
103
127
110
118
135
105
113
123
102
125
93
110
133
108
108
93
105
112
115
118
98
113
150
103
133
105
108
100
112
97
108
113
112
83
90
113
107
103
117
102
95
110
108
112
107
113
98
98
108
105
102
118
108
130
103
103
92
103
102
88
117
98
107
92
108
107
135
78
125
82
87
83
103
108
113
108
105
107
85
102
97
125
83
92
95
92
80
110
98
123
113
72
102
102
108
88
90
103
98
115
93
82
85
112
105
112
92
100
107
87
102
73
85
82
87
105
103
80
98
102
105
77
90
87
97
112
127
113
105
97
108
120
98
97
92
102
72
83
88
75
93
122
120
120
88
80
98
80
105
82
100
107
63
108
88
95
93
98
88
107
102
118
93
92
78
97
98
93
100
98
125
107
98
102
108
98
85
103
125
103
102
90
90
112
103
80
102
80
100
90
92
118
117
103
117
98
125
92
102
97
90
115
107
113
148
132
83
73
100
97
117
97
102
98
115
123
132
98
102
130
120
110
117
107
105
107
112
110
92
103
118
98
120
123
88
120
90
117
102
110
112
140
107
115
127
113
125
127
143
112
117
107
110
133
105
95
117
112
98
135
100
110
85
108
98
103
113
140
110
132
132
102
112
130
110
82
113
122
110
100
118
108
82
80
113
123
120
98
120
115
117
103
105
97
143
128
95
110
117
127
118
112
122
127
122
122
135
140
130
113
110
108
123
130
115
137
117
110
117
147
115
127
107
122
150
120
125
115
107
127
132
123
120
110
127
142
132
135
123
107
115
122
102
117
153
92
117
117
105
118
110
97
143
108
143
123
115
160
143
143
97
112
123
145
90
122
148
128
138
132
125
133
143
138
110
155
137
118
117
133
150
148
142
122
143
123
130
137
115
110
158
158
167
135
155
155
115
125
148
123
143
115
118
117
127
140
123
125
167
142
118
137
125
160
137
158
137
118
115
143
168
158
135
143
143
123
107
147
123
140
140
133
150
145
137
117
140
150
160
165
135
148
142
165
168
148
157
113
140
137
132
177
142
145
172
152
165
145
143
147
178
140
115
135
158
148
135
122
112
192
145
162
137
158
182
157
153
162
143
130
140
118
142
147
162
168
147
152
168
125
187
163
143
152
142
158
162
147
168
145
138
153
182
172
162
148
155
143
135
155
192
178
170
152
152
185
178
135
137
153
167
160
117
147
133
160
187
193
188
140
178
130
140
148
150
178
188
155
200
170
188
172
167
168
173
197
200
182
173
177
182
198
187
155
178
178
163
170
150
188
195
215
165
187
165
182
163
147
140
183
188
170
165
172
172
175
182
187
162
188
168
205
163
182
177
190
165
170
193
205
170
168
190
175
168
170
192
190
185
205
205
192
172
172
187
185
168
190
182
162
192
148
158
187
167
200
173
210
208
168
198
187
193
200
205
200
175
192
187
162
198
212
175
208
205
200
202
192
222
205
190
190
182
207
190
197
188
167
218
210
187
198
208
218
222
177
202
218
177
225
220
197
193
202
202
215
195
208
207
220
233
228
215
187
228
237
237
238
230
213
163
220
197
183
173
217
272
195
190
228
212
207
200
193
202
225
208
178
210
215
238
233
228
208
207
238
187
192
223
177
187
193
213
225
205
200
240
220
205
213
222
237
222
222
203
217
198
175
192
207
245
232
223
265
245
227
210
220
257
242
198
240
227
260
208
210
217
213
215
235
193
202
233
228
195
240
232
237
208
242
240
208
253
208
180
215
207
197
195
248
267
218
242
278
232
257
247
238
193
230
230
243
235
175
237
225
195
198
197
227
233
212
238
260
203
275
218
212
202
252
245
237
243
237
257
265
238
253
193
255
212
228
215
222
190
230
182
223
238
217
213
248
235
268
222
220
233
237
215
218
217
250
248
217
232
268
220
222
220
243
223
238
233
233
252
233
210
227
230
257
268
190
203
255
193
223
235
272
245
233
232
235
232
278
233
235
262
228
237
235
215
220
243
238
235
242
202
250
208
215
237
240
250
242
285
245
243
200
230
228
230
238
240
233
240
220
257
232
260
283
302
287
285
255
277
238
273
255
225
247
233
237
187
232
237
278
230
258
247
243
215
220
238
195
215
232
202
225
270
178
210
225
242
250
238
252
230
210
200
248
213
213
233
253
255
240
230
223
223
222
235
220
230
220
208
237
212
233
218
233
218
208
188
275
228
233
237
243
223
265
220
225
243
212
248
220
240
240
228
245
160
233
258
260
197
257
193
223
240
232
265
220
197
215
207
235
230
222
220
230
257
237
262
242
223
252
255
243
247
257
257
257
288
307
313
302
357
358
357
365
458
495
585
645
862
978
1273
1493
1825
2178
2565
2762
2995
2930
2860
2523
1913
1418
1157
765
573
405
352
318
288
285
292
265
262
240
255
212
230
233
215
207
225
210
215
188
228
202
220
205
230
223
225
205
207
232
210
207
157
218
207
225
228
203
220
187
205
207
230
217
197
225
195
182
187
232
190
208
188
198
162
213
188
222
223
200
202
193
253
215
215
215
187
207
188
182
188
218
205
210
217
185
202
225
203
223
207
177
212
207
173
230
188
200
232
213
197
207
212
203
230
203
228
223
193
172
162
215
210
210
205
213
202
208
175
208
223
175
177
188
208
193
180
228
218
193
193
193
182
203
198
218
177
213
178
218
202
212
217
220
188
202
210
183
193
187
193
207
193
232
198
238
208
193
225
197
202
178
172
212
188
210
192
202
208
183
193
202
182
200
202
208
187
175
203
205
220
162
195
185
178
197
195
205
213
167
203
213
200
210
195
205
165
195
187
172
193
190
217
210
240
218
200
218
180
155
190
187
173
182
217
193
205
195
197
163
202
177
207
168
195
180
232
183
185
195
195
223
195
198
177
202
220
188
207
202
197
173
207
172
183
165
182
187
212
198
237
170
203
197
160
200
225
197
203
173
215
192
188
188
198
148
198
165
178
198
188
158
183
195
207
170
207
197
203
193
188
160
195
192
188
202
192
187
215
227
175
205
210
195
185
182
162
188
150
162
183
190
228
195
187
182
177
168
223
207
157
163
188
185
188
183
180
170
197
215
170
220
210
257
227
247
288
270
287
287
235
233
182
207
207
207
213
168
178
187
187
197
178
172
163
190
190
160
157
158
157
173
203
188
182
195
185
178
157
182
193
165
167
165
165
145
198
157
178
200
178
162
195
188
180
152
162
210
157
180
190
217
182
192
155
190
205
205
208
170
203
200
220
240
225
235
248
245
272
305
322
395
458
487
573
688
710
982
1117
1395
1600
1907
2105
2467
2487
2538
2380
2093
1808
1527
1190
968
805
517
367
357
267
265
265
202
245
213
240
218
193
188
213
172
180
157
172
165
183
200
198
152
207
192
193
178
195
200
213
202
232
247
288
253
255
275
258
230
222
218
203
193
153
175
152
150
180
178
137
165
175
162
140
140
170
162
182
197
192
137
198
157
142
183
170
168
155
133
158
162
163
163
155
167
152
150
147
177
162
155
167
162
112
153
155
158
155
152
148
165
165
157
162
155
145
215
160
163
167
150
132
165
172
143
150
168
142
160
142
187
173
178
187
190
155
180
150
185
143
157
185
137
145
173
162
177
170
190
165
178
178
177
140
157
147
152
180
178
158
165
175
223
190
177
217
190
213
220
255
270
308
400
425
470
592
665
778
915
940
862
975
745
602
510
547
455
380
277
258
188
220
178
177
193
190
197
160
183
150
183
148
178
177
195
173
135
173
155
162
133
172
167
175
178
175
148
168
158
148
148
142
195
160
182
162
170
162
155
202
185
165
160
155
190
177
148
198
167
160
145
137
165
188
175
150
185
168
172
202
195
172
180
180
148
183
195
190
183
223
167
235
273
258
285
300
297
347
347
385
345
313
293
282
262
210
190
167
215
168
192
167
177
167
163
182
157
138
182
155
175
165
128
148
170
145
155
180
160
157
130
160
148
160
148
148
178
153
170
182
163
167
157
180
200
200
200
247
200
242
185
192
230
192
183
188
162
188
158
168
157
155
127
133
167
163
207
142
170
183
173
158
177
163
170
145
163
185
192
182
133
170
157
170
165
160
152
183
155
163
147
182
170
178
157
163
162
177
162
170
190
193
145
162
183
180
177
157
163
173
172
183
173
175
180
170
145
153
175
170
173
170
163
175
162
197
157
162
175
157
172
172
148
162
185
162
180
168
197
187
210
168
207
190
212
218
223
217
228
238
220
212
228
217
202
175
167
228
155
158
180
178
197
202
187
168
170
165
175
175
157
172
177
180
162
215
177
150
183
168
152
185
182
173
200
157
197
155
195
167
197
157
160
163
187
165
152
165
173
183
185
170
182
158
177
142
137
167
163
172
187
168
165
167
158
183
182
195
203
182
183
165
182
157
195
168
197
150
185
225
177
155
158
177
200
162
173
185
210
207
183
142
157
175
160
170
163
163
207
160
177
177
202
185
162
190
157
210
168
177
190
175
215
168
177
182
178
157
178
207
187
183
165
187
203
173
163
155
182
150
163
208
190
160
177
157
183
180
157
138
183
155
185
188
140
183
183
167
162
182
203
207
170
173
185
173
177
148
198
187
185
185
212
185
213
170
158
220
172
155
168
188
180
168
182
188
157
165
188
180
167
148
177
160
175
178
192
168
190
198
178
173
183
165
177
157
170
197
175
183
185
190
217
162
155
172
183
185
180
203
178
177
190
173
160
167
200
163
207
167
178
193
168
163
182
180
188
173
165
200
162
188
160
142
158
185
178
170
162
153
185
182
178
193
185
158
183
148
150
172
180
172
180
190
180
183
172
160
198
188
190
173
192
188
190
185
202
167
193
152
157
180
215
185
197
170
157
178
187
172
178
147
160
205
188
177
213
198
170
193
183
162
200
132
195
180
173
200
160
160
178
200
165
145
177
183
155
180
163
177
195
167
153
147
202
155
207
172
140
190
155
180
185
188
178
213
162
188
180
208
240
215
242
212
255
245
258
270
223
220
192
247
235
228
203
225
197
153
202
195
207
167
203
208
178
202
175
162
162
180
202
198
190
165
175
192
193
170
187
183
160
218
173
180
185
165
153
195
162
183
160
170
177
183
215
202
220
213
208
178
177
197
192
190
142
203
207
190
168
177
182
172
180
200
203
173
203
178
198
183
180
215
178
172
182
180
203
178
203
197
193
200
197
200
160
197
207
173
220
220
170
187
155
177
180
165
185
213
177
213
190
202
187
212
180
193
207
185
190
202
217
183
202
175
200
208
198
165
172
230
228
205
198
173
207
193
188
185
188
190
233
235
220
237
277
218
278
320
358
388
390
427
483
490
600
697
812
947
1113
1390
1593
1818
2153
2522
2672
2593
2452
2223
2012
1695
1577
1485
1393
1200
990
872
692
495
373
360
298
272
270
212
213
248
183
235
197
195
222
203
242
213
190
187
182
185
203
197
192
188
202
200
188
197
167
190
180
190
167
178
188
203
218
210
218
208
198
177
182
255
158
212
177
215
200
205
172
210
223
255
205
252
332
332
337
307
312
308
253
283
270
220
258
233
227
252
213
165
192
178
218
183
218
225
190
218
185
205
225
200
173
198
205
182
177
218
182
213
178
210
208
218
252
252
270
265
283
327
347
375
428
517
548
653
773
803
857
862
722
618
607
590
495
513
502
485
430
360
297
317
245
210
227
232
190
193
203
188
235
208
197
188
175
163
177
150
230
197
203
203
192
205
178
197
208
175
160
182
152
172
195
170
190
198
198
175
178
160
160
130
230
187
183
175
172
167
182
182
213
185
180
202
178
205
153
197
195
175
192
168
192
178
175
195
200
203
178
175
173
198
182
205
183
193
180
172
207
195
172
188
175
185
217
178
182
147
188
170
217
212
172
165
197
218
202
203
180
177
192
242
198
200
168
175
190
205
197
183
235
180
168
200
187
215
208
192
202
185
180
218
202
155
193
203
223
233
200
192
180
217
185
190
157
178
212
188
180
183
167
175
205
182
188
162
188
162
188
200
155
193
197
187
182
190
162
170
170
170
152
195
203
168
175
190
135
195
207
187
175
167
167
183
182
192
182
177
200
172
220
167
190
203
165
187
178
182
208
195
203
192
200
197
205
175
215
198
213
180
163
167
193
217
188
160
218
178
195
175
193
208
172
183
178
182
190
197
200
180
162
193
172
135
167
183
207
223
210
177
182
177
227
205
193
170
225
242
235
222
197
210
255
275
272
280
245
315
345
362
390
375
432
363
428
367
392
357
347
332
317
320
310
270
257
265
253
202
193
175
202
202
140
182
170
170
230
183
190
152
190
163
168
233
198
157
193
183
185
195
187
170
205
177
197
192
168
180
180
162
172
178
195
172
187
195
143
188
192
185
187
210
182
153
185
180
220
185
170
200
188
180
190
180
185
178
227
195
192
170
175
168
198
200
170
210
217
238
218
222
203
227
212
257
278
288
333
383
423
507
610
685
728
753
662
692
627
602
465
528
493
497
477
435
427
440
415
320
272
292
217
210
240
217
220
183
203
200
180
227
185
173
205
167
163
175
192
190
120
143
190
172
205
188
197
180
193
188
202
173
200
190
190
182
190
207
140
143
183
170
207
170
180
172
172
203
160
182
168
200
212
177
195
188
187
188
193
213
173
177
193
183
195
178
235
193
197
205
178
198
167
178
237
225
215
248
213
223
238
220
220
207
223
182
200
235
213
215
183
187
183
177
190
177
163
202
188
170
185
163
160
175
148
195
178
182
178
177
198
188
198
180
195
198
185
190
187
177
192
167
187
217
185
183
195
183
190
182
215
162
188
192
185
157
187
163
183
190
165
195
183
173
183
177
160
197
170
190
162
217
207
170
172
190
153
187
243
158
225
165
195
190
147
170
190
182
188
167
178
193
207
182
152
183
180
167
183
177
237
193
172
175
173
168
177
205
167
168
200
170
188
192
185
167
195
203
213
227
202
213
232
225
235
253
250
315
285
288
330
373
400
455
483
588
700
777
873
928
863
857
882
767
733
698
732
818
837
913
838
907
887
788
715
675
530
472
543
488
442
397
423
358
352
332
293
297
275
228
220
188
205
202
200
218
182
197
200
230
193
193
193
190
232
185
187
195
165
208
185
178
150
205
182
188
157
163
178
217
153
173
193
187
178
163
208
170
190
157
162
205
202
175
172
168
153
175
180
172
152
167
190
162
175
173
170
178
190
195
202
183
183
165
160
187
160
160
220
188
205
172
165
170
190
177
162
188
165
168
155
170
167
178
198
180
187
198
165
168
153
165
217
160
140
185
163
203
210
155
203
162
177
202
175
145
142
165
173
185
160
195
157
142
147
138
187
185
180
198
190
175
185
188
200
168
193
193
167
163
177
165
183
218
178
172
200
183
152
213
183
195
205
190
202
215
188
182
177
190
208
178
187
170
180
203
203
167
185
152
185
198
168
163
197
198
172
172
163
187
163
177
187
158
153
188
155
135
168
167
180
185
197
205
192
243
178
187
157
168
175
198
157
175
180
172
218
183
187
190
215
213
158
178
147
162
183
128
172
193
182
197
182
187
167
177
210
183
187
197
183
192
220
213
222
198
212
202
228
162
190
198
168
177
197
215
185
210
187
212
185
210
160
167
197
182
183
192
178
200
185
183
162
170
160
152
178
173
183
187
190
193
205
193
180
210
195
180
200
205
180
193
177
213
195
167
143
177
187
185
195
167
188
183
188
203
185
178
202
208
197
205
185
187
208
238
205
208
175
210
232
198
187
238
238
253
265
305
268
285
347
320
363
425
360
372
377
368
340
288
307
268
295
288
298
272
287
233
292
257
237
235
217
225
228
167
193
162
153
183
158
163
167
192
190
213
165
202
198
220
183
183
163
183
168
163
167
185
168
178
180
167
163
172
203
187
153
230
192
167
198
148
183
183
183
178
188
203
183
180
162
212
170
228
173
177
172
128
207
175
142
185
163
153
165
205
178
195
157
168
180
185
182
170
208
188
202
165
185
190
180
157
162
197
178
223
187
190
190
205
228
182
170
190
205
207
208
163
188
195
188
207
175
153
182
182
183
210
152
200
170
182
163
178
178
178
193
165
163
220
173
167
188
168
185
198
167
203
135
175
170
190
187
195
212
195
192
185
175
198
193
143
190
212
232
205
173
168
158
203
193
198
173
198
205
172
183
187
170
177
153
173
180
183
163
167
153
175
190
193
175
187
172
205
183
167
195
188
173
180
227
165
183
170
198
202
212
182
190
175
175
197
180
183
208
167
168
197
212
215
212
200
198
188
180
160
170
165
175
197
192
192
190
180
182
168
207
168
197
170
190
193
190
192
207
173
168
140
172
163
187
137
185
175
195
178
182
195
157
185
188
207
150
178
178
203
187
200
167
167
173
178
177
150
175
177
193
187
185
183
233
172
197
185
182
202
217
163
193
202
188
198
222
182
202
238
223
190
200
202
240
238
225
227
242
258
292
315
373
397
432
507
537
552
527
630
568
513
417
383
350
317
328
350
363
378
370
383
338
320
283
300
265
223
192
225
213
207
205
185
198
215
158
183
188
187
157
202
218
167
192
198
175
207
200
155
202
193
167
180
215
172
197
198
145
167
163
173
177
198
177
205
218
187
162
158
178
188
167
175
168
173
160
172
183
200
197
183
220
175
212
183
163
142
165
158
167
200
195
167
207
200
217
188
225
242
190
238
213
210
242
260
233
293
287
327
307
298
323
285
305
282
303
215
263
248
227
253
238
242
247
243
250
205
207
210
207
185
232
170
173
160
183
210
160
177
168
205
170
187
218
160
175
207
138
217
178
192
162
190
187
187
188
187
198
138
167
175
207
183
202
173
182
177
193
187
172
213
165
183
190
205
207
210
172
160
160
173
150
208
207
177
172
180
190
203
192
195
217
177
192
200
180
185
188
203
168
202
160
167
157
187
163
215
177
170
178
182
212
152
180
173
190
152
197
198
187
167
222
192
177
202
178
167
185
168
155
177
182
162
150
175
178
213
175
208
163
177
165
167
172
168
190
190
148
207
150
182
197
170
165
198
182
188
175
158
183
175
188
162
185
182
165
197
150
207
207
198
175
197
175
172
183
178
195
153
180
203
200
218
187
185
205
212
185
187
153
172
183
178
218
247
170
168
188
212
180
185
168
195
190
182
163
183
177
208
195
223
195
217
180
187
222
208
207
222
203
220
202
228
210
238
247
247
278
308
342
333
335
388
363
410
422
357
392
382
358
347
315
313
268
313
300
287
327
235
273
267
325
242
277
237
227
223
217
215
192
183
180
195
178
150
165
185
162
183
185
160
183
177
193
173
173
195
177
175
182
178
170
160
158
175
202
180
187
165
170
190
173
177
217
185
177
172
153
192
178
168
183
175
205
215
198
193
152
173
185
250
170
202
207
220
195
207
223
245
277
245
275
333
323
320
380
320
267
300
308
248
232
210
222
237
238
235
258
228
235
277
258
243
192
203
202
203
193
177
192
222
200
198
170
167
205
180
213
177
